    year   area_ha age_yrs
1   2015   2.40000       4
2   2015   9.70000       4
3   2015  11.30000       4
4   2015  19.90000       4
5   2015  21.70000       4
6   2015  25.93000       4
7   2015   3.90000       5
8   2015   8.10000       5
9   2015  26.10000       5
10  2015  29.00000       5
11  2015   6.80000       6
12  2015  13.20000       6
13  2015  14.10000       6
14  2015  15.10000       6
15  2015  72.00000       6
16  2015   4.90000       7
17  2015   5.50000       7
18  2015  18.00000       7
19  2015  25.20000       7
20  2015  41.20000       7
21  2015  47.10000       7
22  2015  10.80000       9
23  2015  16.00000       9
24  2015 117.80000       9
25  2015  12.10000      12
26  2015  19.80000      12
27  2015   4.30000      13
28  2015  13.00000      15
29  2015   2.60000      16
30  2015  18.00000      16
31  2015  21.60000      16
32  2015  23.00000      16
33  2015  23.60000      16
34  2015  31.80000      16
35  2015  35.80000      16
36  2015   8.50000      17
37  2015  10.70000      17
38  2015  15.00000      17
39  2015  17.40000      17
40  2015  18.30000      17
41  2015  18.40000      17
42  2015   0.60000      18
43  2015   4.40000      18
44  2015   5.40000      18
45  2015   6.20000      18
46  2015   9.80000      18
47  2015   6.10000      19
48  2015   7.90000      19
49  2015  15.20000      20
50  2015  16.00000      21
51  2015  19.30000      21
52  2015   2.70000      22
53  2015   5.90000      22
54  2015   7.30000      22
55  2015   1.50000      23
56  2015   9.30000      23
57  2015  10.90000      23
58  2015  11.60000      23
59  2015  16.80000      23
60  2015   7.80000      25
61  2015  27.00000      25
62  2015  57.60000      26
63  2015   3.90000      27
64  2015  20.00000      27
65  2015  29.50000      27
66  2015  32.10000      27
67  2015  41.80000      27
68  2015  43.70000      27
69  2015  13.40000      28
70  2015  16.20000      28
71  2015  47.80000      28
72  2015   4.20000      29
73  2015  25.90000      29
74  2015  17.40000      32
75  2015  17.80000      34
76  2015  21.00000      35
77  2015   1.00000      36
78  2015   1.70000      41
79  2015   0.70000      42
80  2016   4.70000       3
81  2016  14.80000       3
82  2016   3.40000       4
83  2016  14.46000       4
84  2016  25.30000       4
85  2016   1.50000       6
86  2016  14.60000       6
87  2016  36.30000       6
88  2016   4.60000       7
89  2016  45.50000       7
90  2016   0.30000       8
91  2016   5.20000       8
92  2016  64.60000      12
93  2016 257.00000      13
94  2016  17.50000      15
95  2016  17.50000      15
96  2016  17.50000      15
97  2016  18.20000      15
98  2016  56.60000      15
99  2016  10.00000      16
100 2016  56.96000      16
101 2016  27.60000      19
102 2016   3.20000      20
103 2016   5.80000      22
104 2016  11.60000      22
105 2016  12.00000      25
106 2016  26.00000      25
107 2016  12.70000      27
108 2016  25.80000      27
109 2016   7.60000      29
110 2016   1.70000      31
111 2016   4.80000      46
112 2016   5.10000      46
113 2017   7.80000       2
114 2017   9.20000       2
115 2017  10.46000       2
116 2017  11.50000       2
117 2017  16.67000       2
118 2017  36.72000       2
119 2017  99.80000       2
120 2017   0.89000       3
121 2017   3.10000       3
122 2017   3.37000       3
123 2017   3.84000       3
124 2017   4.54000       3
125 2017   5.70000       3
126 2017   6.84000       3
127 2017   7.20000       3
128 2017   9.50000       3
129 2017   9.90000       3
130 2017  10.58000       3
131 2017  12.35000       3
132 2017  13.26000       3
133 2017  13.80000       3
134 2017  16.90000       3
135 2017  17.00000       3
136 2017  21.20000       3
137 2017  26.10000       3
138 2017  27.18000       3
139 2017  29.70000       3
140 2017  30.00000       3
141 2017  30.50000       3
142 2017  33.70000       3
143 2017  34.80000       3
144 2017  46.03000       3
145 2017  57.85000       3
146 2017  64.10000       3
147 2017  65.50000       3
148 2017   5.10000       4
149 2017   6.70000       4
150 2017  10.80000       4
151 2017  29.70000       4
152 2017  31.89000       4
153 2017  41.78000       4
154 2017  63.90000       4
155 2017   5.10000       5
156 2017  30.60000       5
157 2017 100.90000       5
158 2017   0.90000       6
159 2017   3.90000       6
160 2017   4.40000       6
161 2017  17.60000       6
162 2017  21.70000       6
163 2017  31.02000       6
164 2017  37.10000       6
165 2017   2.20000       7
166 2017   3.80000       7
167 2017   5.10000       7
168 2017   6.70000       7
169 2017   9.20000       7
170 2017   9.70000       7
171 2017  15.30000       7
172 2017  20.80000       7
173 2017  26.60000       7
174 2017  34.20000       7
175 2017  53.90000       7
176 2017   8.50000       8
177 2017  13.80000       8
178 2017   6.30000       9
179 2017  11.90000       9
180 2017  33.20000       9
181 2017  63.08000       9
182 2017   0.90000      12
183 2017   5.30000      12
184 2017   6.20000      12
185 2017   8.40000      12
186 2017  10.70000      12
187 2017  13.40000      12
188 2017  19.70000      12
189 2017  23.20000      12
190 2017  29.00000      12
191 2017  32.70000      12
192 2017   7.70000      13
193 2017   9.40000      13
194 2017  13.20000      13
195 2017  15.50000      13
196 2017  17.40000      13
197 2017  58.00000      13
198 2017   8.90000      14
199 2017  11.80000      14
200 2017  14.20000      14
201 2017  16.90000      14
202 2017   2.40000      16
203 2017   3.20000      16
204 2017   6.50000      16
205 2017   7.03000      16
206 2017  13.90000      16
207 2017  16.80000      16
208 2017  16.90000      16
209 2017  19.13000      16
210 2017  31.40000      16
211 2017  51.40000      16
212 2017  15.00000      17
213 2017  60.10000      17
214 2017   9.70000      18
215 2017  43.00000      18
216 2017  21.30000      19
217 2017  64.36000      19
218 2017  10.30000      20
219 2017  10.80000      20
220 2017  11.40000      20
221 2017  31.20000      20
222 2017   4.12000      21
223 2017  36.30000      22
224 2017  65.50000      22
225 2017  18.30000      24
226 2017  27.95000      24
227 2017   6.85000      26
228 2017  14.52000      26
229 2017  55.00000      26
230 2017  31.10000      27
231 2017   5.60000      28
232 2017  28.80000      28
233 2017  48.80000      28
234 2017  33.24000      30
235 2018   1.70000       1
236 2018   1.90000       1
237 2018   2.01000       1
238 2018   2.40000       1
239 2018   4.92000       1
240 2018  15.60000       1
241 2018  17.60000       1
242 2018  23.04000       1
243 2018   0.70000       2
244 2018   1.71000       2
245 2018   3.60000       2
246 2018   0.60000       3
247 2018   0.63000       3
248 2018   1.61491       3
249 2018   3.07000       3
250 2018   4.11549       3
251 2018   6.83000       3
252 2018  14.50000       3
253 2018  31.20000       3
254 2018   1.75000       4
255 2018   3.85000       4
256 2018   7.40000       4
257 2018  22.90000       4
258 2018   3.57000       5
259 2018   0.57000       6
260 2018   2.40000       6
261 2018   4.80000       6
262 2018  12.50000       6
263 2018  10.90000       7
264 2018  12.40000       7
265 2018  14.04000       7
266 2018  19.49000       7
267 2018   4.09000       8
268 2018   6.48000       8
269 2018  11.80000       8
270 2018  15.70000       8
271 2018  19.20000       8
272 2018   3.79000      14
273 2018   8.40000      14
274 2018  10.46000      14
275 2018  13.70000      14
276 2018   0.93000      15
277 2018   7.75000      15
278 2018   9.29000      15
279 2018  22.90000      15
280 2018  22.70000      17
281 2018   1.80000      18
282 2018   2.80000      18
283 2018   4.70000      18
284 2018  50.02000      18
285 2018   4.12000      20
286 2018  20.40000      20
287 2018  54.01000      20
288 2018  14.80000      21
289 2018  90.90000      21
290 2018  11.70000      22
291 2018  18.80000      23
292 2018   7.63000      27
293 2018  23.60000      27
294 2018  12.60000      28
